0 1 7
0 2 6
0 3 5
0 4 11
0 5 13
0 6 12
0 7 10
0 8 11
0 9 11
0 10 11
0 11 7
0 12 17
0 13 3
0 14 13
0 15 1
0 16 8
0 17 10
0 18 14
0 19 7
0 20 4
0 21 3
0 22 7
0 23 14
0 24 4
0 25 11
0 26 5
0 27 6
0 28 12
0 29 10
0 30 12
0 31 15
0 32 8
0 33 14
0 34 10
0 35 8
0 36 5
0 37 3
0 38 2
0 39 7
0 40 14
0 41 14
0 42 13
0 43 7
0 44 15
0 45 14
0 46 6
0 47 10
0 48 12
1 2 10
1 3 5
1 4 4
1 5 11
1 6 7
1 7 8
1 8 7
1 9 12
1 10 5
1 11 1
1 12 13
1 13 4
1 14 13
1 15 6
1 16 7
1 17 5
1 18 16
1 19 10
1 20 11
1 21 4
1 22 5
1 23 13
1 24 3
1 25 9
1 26 11
1 27 1
1 28 8
1 29 12
1 30 12
1 31 12
1 32 13
1 33 14
1 34 7
1 35 13
1 36 10
1 37 4
1 38 5
1 39 4
1 40 10
1 41 17
1 42 8
1 43 11
1 44 12
1 45 17
1 46 1
1 47 3
1 48 10
2 3 5
2 4 14
2 5 10
2 6 12
2 7 7
2 8 10
2 9 5
2 10 12
2 11 9
2 12 15
2 13 6
2 14 7
2 15 5
2 16 6
2 17 10
2 18 8
2 19 1
2 20 4
2 21 7
2 22 7
2 23 10
2 24 7
2 25 8
2 26 2
2 27 9
2 28 10
2 29 4
2 30 6
2 31 12
2 32 2
2 33 8
2 34 8
2 35 2
2 36 1
2 37 7
2 38 6
2 39 8
2 40 13
2 41 8
2 42 12
2 43 1
2 44 13
2 45 8
2 46 10
2 47 13
2 48 9
3 4 9
3 5 8
3 6 7
3 7 4
3 8 5
3 9 6
3 10 7
3 11 5
3 12 12
3 13 3
3 14 8
3 15 4
3 16 3
3 17 5
3 18 10
3 19 4
3 20 7
3 21 5
3 22 2
3 23 9
3 24 4
3 25 5
3 26 7
3 27 5
3 28 6
3 29 6
3 30 7
3 31 9
3 32 7
3 33 9
3 34 4
3 35 7
3 36 6
3 37 4
3 38 4
3 39 3
3 40 9
3 41 11
3 42 8
3 43 6
3 44 10
3 45 11
3 46 5
3 47 9
3 48 6
4 5 12
4 6 8
4 7 10
4 8 8
4 9 15
4 10 5
4 11 4
4 12 14
4 13 8
4 14 16
4 15 10
4 16 10
4 17 6
4 18 19
4 19 13
4 20 15
4 21 8
4 22 8
4 23 15
4 24 7
4 25 11
4 26 15
4 27 5
4 28 9
4 29 15
4 30 15
4 31 13
4 32 17
4 33 17
4 34 9
4 35 17
4 36 14
4 37 8
4 38 9
4 39 7
4 40 11
4 41 20
4 42 9
4 43 15
4 44 13
4 45 20
4 46 5
4 47 1
4 48 12
5 6 5
5 7 3
5 8 4
5 9 7
5 10 7
5 11 10
5 12 4
5 13 10
5 14 6
5 15 12
5 16 5
5 17 6
5 18 10
5 19 9
5 20 14
5 21 12
5 22 6
5 23 3
5 24 11
5 25 2
5 26 13
5 27 11
5 28 3
5 29 8
5 30 6
5 31 1
5 32 11
5 33 7
5 34 4
5 35 11
5 36 12
5 37 11
5 38 12
5 39 7
5 40 3
5 41 11
5 42 4
5 43 11
5 44 2
5 45 11
5 46 12
5 47 13
5 48 1
6 7 5
6 8 2
6 9 10
6 10 3
6 11 6
6 12 6
6 13 9
6 14 10
6 15 11
6 16 6
6 17 2
6 18 14
6 19 11
6 20 15
6 21 10
6 22 5
6 23 8
6 24 9
6 25 4
6 26 14
6 27 8
6 28 2
6 29 11
6 30 9
6 31 5
6 32 14
6 33 11
6 34 4
6 35 14
6 36 13
6 37 9
6 38 10
6 39 5
6 40 3
6 41 15
6 42 1
6 43 13
6 44 5
6 45 15
6 46 8
6 47 9
6 48 5
7 8 3
7 9 5
7 10 6
7 11 7
7 12 7
7 13 7
7 14 5
7 15 8
7 16 1
7 17 4
7 18 9
7 19 6
7 20 11
7 21 9
7 22 3
7 23 5
7 24 8
7 25 1
7 26 10
7 27 8
7 28 3
7 29 6
7 30 5
7 31 5
7 32 9
7 33 7
7 34 1
7 35 9
7 36 8
7 37 8
7 38 8
7 39 4
7 40 5
7 41 10
7 42 5
7 43 8
7 44 5
7 45 10
7 46 9
7 47 11
7 48 2
8 9 8
8 10 3
8 11 6
8 12 6
8 13 7
8 14 8
8 15 9
8 16 4
8 17 2
8 18 12
8 19 9
8 20 13
8 21 9
8 22 3
8 23 7
8 24 8
8 25 2
8 26 12
8 27 7
8 28 1
8 29 9
8 30 8
8 31 5
8 32 12
8 33 10
8 34 2
8 35 12
8 36 11
8 37 8
8 38 9
8 39 3
8 40 3
8 41 13
8 42 2
8 43 11
8 44 5
8 45 13
8 46 8
8 47 9
8 48 3
9 10 11
9 11 11
9 12 11
9 13 9
9 14 2
9 15 10
9 16 5
9 17 9
9 18 4
9 19 4
9 20 9
9 21 11
9 22 7
9 23 5
9 24 10
9 25 6
9 26 8
9 27 11
9 28 8
9 29 1
9 30 1
9 31 8
9 32 5
9 33 3
9 34 6
9 35 5
9 36 6
9 37 10
9 38 10
9 39 8
9 40 10
9 41 5
9 42 10
9 43 5
9 44 9
9 45 5
9 46 12
9 47 15
9 48 6
10 11 4
10 12 9
10 13 7
10 14 12
10 15 9
10 16 6
10 17 2
10 18 15
10 19 11
10 20 14
10 21 8
10 22 5
10 23 10
10 24 7
10 25 6
10 26 14
10 27 5
10 28 4
10 29 12
10 30 11
10 31 8
10 32 14
10 33 13
10 34 5
10 35 14
10 36 13
10 37 8
10 38 8
10 39 4
10 40 6
10 41 16
10 42 4
10 43 13
10 44 8
10 45 16
10 46 6
10 47 6
10 48 7
11 12 12
11 13 4
11 14 12
11 15 6
11 16 6
11 17 4
11 18 15
11 19 9
11 20 11
11 21 4
11 22 4
11 23 12
11 24 3
11 25 8
11 26 11
11 27 1
11 28 7
11 29 11
11 30 11
11 31 11
11 32 12
11 33 13
11 34 6
11 35 12
11 36 10
11 37 4
11 38 5
11 39 3
11 40 9
11 41 16
11 42 7
11 43 11
11 44 11
11 45 16
11 46 2
11 47 4
11 48 9
12 13 14
12 14 10
12 15 16
12 16 9
12 17 8
12 18 14
12 19 13
12 20 19
12 21 16
12 22 10
12 23 7
12 24 14
12 25 6
12 26 18
12 27 13
12 28 5
12 29 12
12 30 10
12 31 3
12 32 16
12 33 11
12 34 7
12 35 16
12 36 16
12 37 15
12 38 15
12 39 10
12 40 3
12 41 15
12 42 5
12 43 15
12 44 2
12 45 15
12 46 14
12 47 15
12 48 5
13 14 11
13 15 2
13 16 6
13 17 6
13 18 13
13 19 6
13 20 7
13 21 2
13 22 4
13 23 12
13 24 1
13 25 8
13 26 7
13 27 3
13 28 8
13 29 8
13 30 10
13 31 12
13 32 9
13 33 12
13 34 6
13 35 9
13 36 6
13 37 1
13 38 1
13 39 4
13 40 11
13 41 13
13 42 9
13 43 7
13 44 12
13 45 13
13 46 3
13 47 7
13 48 9
14 15 12
14 16 5
14 17 9
14 18 4
14 19 6
14 20 12
14 21 13
14 22 8
14 23 3
14 24 12
14 25 5
14 26 10
14 27 13
14 28 8
14 29 3
14 30 1
14 31 7
14 32 7
14 33 1
14 34 7
14 35 7
14 36 8
14 37 12
14 38 12
14 39 9
14 40 9
14 41 5
14 42 9
14 43 7
14 44 8
14 45 5
14 46 13
14 47 16
14 48 5
15 16 7
15 17 8
15 18 13
15 19 6
15 20 5
15 21 2
15 22 6
15 23 13
15 24 3
15 25 10
15 26 5
15 27 5
15 28 10
15 29 9
15 30 11
15 31 13
15 32 8
15 33 13
15 34 8
15 35 8
15 36 5
15 37 2
15 38 1
15 39 6
15 40 13
15 41 13
15 42 12
15 43 7
15 44 14
15 45 13
15 46 5
15 47 9
15 48 11
16 17 4
16 18 9
16 19 5
16 20 10
16 21 8
16 22 2
16 23 6
16 24 7
16 25 2
16 26 8
16 27 7
16 28 4
16 29 5
16 30 5
16 31 6
16 32 8
16 33 7
16 34 2
16 35 8
16 36 7
16 37 7
16 38 7
16 39 3
16 40 6
16 41 10
16 42 6
16 43 7
16 44 7
16 45 10
16 46 8
16 47 10
16 48 3
17 18 13
17 19 9
17 20 12
17 21 7
17 22 3
17 23 8
17 24 6
17 25 4
17 26 12
17 27 5
17 28 3
17 29 9
17 30 9
17 31 7
17 32 12
17 33 11
17 34 2
17 35 12
17 36 11
17 37 7
17 38 7
17 39 2
17 40 5
17 41 14
17 42 3
17 43 11
17 44 7
17 45 14
17 46 6
17 47 7
17 48 5
18 19 7
18 20 12
18 21 15
18 22 11
18 23 7
18 24 14
18 25 9
18 26 10
18 27 15
18 28 12
18 29 4
18 30 4
18 31 11
18 32 6
18 33 3
18 34 10
18 35 6
18 36 9
18 37 14
18 38 13
18 39 12
18 40 13
18 41 1
18 42 13
18 43 7
18 44 12
18 45 1
18 46 16
18 47 19
18 48 9
19 20 5
19 21 8
19 22 6
19 23 8
19 24 7
19 25 7
19 26 4
19 27 9
19 28 9
19 29 3
19 30 5
19 31 10
19 32 3
19 33 7
19 34 7
19 35 3
19 36 2
19 37 7
19 38 6
19 39 7
19 40 11
19 41 7
19 42 11
19 43 2
19 44 11
19 45 7
19 46 9
19 47 13
19 48 8
20 21 7
20 22 9
20 23 14
20 24 8
20 25 12
20 26 2
20 27 10
20 28 13
20 29 8
20 30 11
20 31 16
20 32 6
20 33 12
20 34 11
20 35 6
20 36 3
20 37 7
20 38 6
20 39 10
20 40 16
20 41 12
20 42 15
20 43 5
20 44 17
20 45 12
20 46 10
20 47 14
20 48 13
21 22 6
21 23 14
21 24 1
21 25 10
21 26 8
21 27 3
21 28 10
21 29 10
21 30 12
21 31 13
21 32 10
21 33 14
21 34 8
21 35 10
21 36 7
21 37 1
21 38 1
21 39 5
21 40 13
21 41 15
21 42 11
21 43 9
21 44 14
21 45 15
21 46 3
21 47 7
21 48 11
22 23 8
22 24 5
22 25 4
22 26 9
22 27 5
22 28 4
22 29 7
22 30 7
22 31 7
22 32 9
22 33 9
22 34 2
22 35 9
22 36 8
22 37 5
22 38 5
22 39 1
22 40 7
22 41 12
22 42 5
22 43 8
22 44 8
22 45 12
22 46 6
22 47 8
22 48 5
23 24 13
23 25 4
23 26 12
23 27 13
23 28 6
23 29 6
23 30 3
23 31 4
23 32 10
23 33 4
23 34 6
23 35 10
23 36 11
23 37 13
23 38 13
23 39 9
23 40 6
23 41 8
23 42 7
23 43 9
23 44 5
23 45 8
23 46 14
23 47 16
23 48 3
24 25 9
24 26 8
24 27 2
24 28 8
24 29 10
24 30 11
24 31 12
24 32 10
24 33 13
24 34 7
24 35 10
24 36 8
24 37 1
24 38 2
24 39 4
24 40 11
24 41 15
24 42 10
24 43 9
24 44 13
24 45 15
24 46 2
24 47 6
24 48 10
25 26 11
25 27 9
25 28 2
25 29 7
25 30 5
25 31 3
25 32 10
25 33 7
25 34 2
25 35 10
25 36 10
25 37 9
25 38 9
25 39 5
25 40 4
25 41 10
25 42 4
25 43 9
25 44 4
25 45 10
25 46 10
25 47 11
25 48 1
26 27 10
26 28 13
26 29 6
26 30 9
26 31 15
26 32 4
26 33 10
26 34 10
26 35 4
26 36 1
26 37 7
26 38 6
26 39 10
26 40 15
26 41 10
26 42 14
26 43 3
26 44 15
26 45 10
26 46 10
26 47 14
26 48 12
27 28 8
27 29 11
27 30 12
27 31 12
27 32 12
27 33 14
27 34 7
27 35 12
27 36 9
27 37 3
27 38 4
27 39 4
27 40 10
27 41 16
27 42 8
27 43 10
27 44 12
27 45 16
27 46 1
27 47 4
27 48 10
28 29 9
28 30 7
28 31 4
28 32 12
28 33 9
28 34 2
28 35 12
28 36 11
28 37 9
28 38 10
28 39 4
28 40 2
28 41 13
28 42 2
28 43 11
28 44 4
28 45 13
28 46 9
28 47 10
28 48 2
29 30 2
29 31 9
29 32 3
29 33 4
29 34 7
29 35 3
29 36 5
29 37 9
29 38 9
29 39 8
29 40 11
29 41 5
29 42 11
29 43 3
29 44 10
29 45 5
29 46 12
29 47 15
29 48 7
30 31 7
30 32 6
30 33 2
30 34 6
30 35 6
30 36 8
30 37 11
30 38 11
30 39 8
30 40 9
30 41 5
30 42 9
30 43 6
30 44 8
30 45 5
30 46 13
30 47 15
30 48 5
31 32 13
31 33 8
31 34 5
31 35 13
31 36 13
31 37 13
31 38 13
31 39 8
31 40 2
31 41 12
31 42 4
31 43 12
31 44 1
31 45 12
31 46 13
31 47 14
31 48 2
32 33 7
32 34 10
32 35 0
32 36 3
32 37 9
32 38 9
32 39 10
32 40 14
32 41 6
32 42 14
32 43 1
32 44 13
32 45 6
32 46 12
32 47 16
32 48 10
33 34 8
33 35 7
33 36 9
33 37 13
33 38 13
33 39 10
33 40 10
33 41 4
33 42 11
33 43 7
33 44 9
33 45 4
33 46 15
33 47 18
33 48 6
34 35 10
34 36 9
34 37 7
34 38 8
34 39 3
34 40 5
34 41 11
34 42 4
34 43 9
34 44 5
34 45 11
34 46 8
34 47 9
34 48 3
35 36 3
35 37 9
35 38 9
35 39 10
35 40 14
35 41 6
35 42 14
35 43 1
35 44 13
35 45 6
35 46 12
35 47 16
35 48 10
36 37 7
36 38 6
36 39 9
36 40 14
36 41 9
36 42 13
36 43 2
36 44 14
36 45 9
36 46 10
36 47 14
36 48 10
37 38 1
37 39 5
37 40 12
37 41 14
37 42 10
37 43 8
37 44 13
37 45 14
37 46 3
37 47 7
37 48 10
38 39 5
38 40 12
38 41 14
38 42 11
38 43 7
38 44 13
38 45 14
38 46 4
38 47 8
38 48 10
39 40 7
39 41 13
39 42 5
39 43 9
39 44 8
39 45 13
39 46 5
39 47 7
39 48 6
40 41 14
40 42 2
40 43 13
40 44 2
40 45 14
40 46 11
40 47 12
40 48 4
41 42 14
41 43 7
41 44 13
41 45 0
41 46 17
41 47 20
41 48 10
42 43 13
42 44 4
42 45 14
42 46 9
42 47 10
42 48 4
43 44 13
43 45 7
43 46 11
43 47 15
43 48 9
44 45 13
44 46 13
44 47 14
44 48 3
45 46 17
45 47 20
45 48 10
46 47 4
46 48 11
47 48 12
